0 0.875 0.3004807692307692 0.039663461538461536 0.06370192307692307
0 0.75 0.3557692307692308 0.040865384615384616 0.052884615384615384
0 0.5552884615384616 0.4230769230769231 0.037259615384615384 0.03365384615384615
0 0.6370192307692307 0.42908653846153844 0.040865384615384616 0.03365384615384615
0 0.5180288461538461 0.4795673076923077 0.036057692307692304 0.039663461538461536
0 0.4951923076923077 0.5120192307692307 0.037259615384615384 0.055288461538461536
0 0.4639423076923077 0.5492788461538461 0.03485576923076923 0.040865384615384616
0 0.5060096153846154 0.5625 0.03485576923076923 0.046875
0 0.5408653846153846 0.5877403846153846 0.03485576923076923 0.036057692307692304
0 0.5853365384615384 0.6514423076923077 0.03365384615384615 0.04447115384615385
0 0.6334134615384616 0.6634615384615384 0.03245192307692308 0.05048076923076923