0 0.8137019230769231 0.38822115384615385 0.15264423076923078 0.0889423076923077
0 0.6622596153846154 0.42908653846153844 0.10336538461538461 0.054086538461538464
0 0.6983173076923077 0.59375 0.11778846153846154 0.07451923076923077
0 0.31009615384615385 0.6213942307692307 0.1201923076923077 0.0673076923076923
0 0.7475961538461539 0.6225961538461539 0.16826923076923078 0.09254807692307693
0 0.5637019230769231 0.6454326923076923 0.04326923076923077 0.038461538461538464
0 0.5336538461538461 0.6814903846153846 0.10817307692307693 0.0889423076923077
0 0.6694711538461539 0.7019230769230769 0.06850961538461539 0.03125
0 0.6574519230769231 0.71875 0.04927884615384615 0.019230769230769232
0 0.7055288461538461 0.75 0.04927884615384615 0.015625
0 0.7163461538461539 0.7704326923076923 0.0829326923076923 0.016826923076923076
0 0.7596153846153846 0.8016826923076923 0.042067307692307696 0.009615384615384616
0 0.7211538461538461 0.8112980769230769 0.04807692307692308 0.008413461538461538
0 0.7259615384615384 0.8497596153846154 0.08774038461538461 0.027644230769230768
0 0.8461538461538461 0.859375 0.04447115384615385 0.008413461538461538
0 0.8834134615384616 0.8641826923076923 0.040865384615384616 0.010817307692307692