0 0.5588942307692307 0.3798076923076923 0.027644230769230768 0.019230769230769232
0 0.9939903846153846 0.38221153846153844 0.007211538461538462 0.028846153846153848
0 0.48677884615384615 0.38341346153846156 0.038461538461538464 0.052884615384615384
0 0.7872596153846154 0.38461538461538464 0.028846153846153848 0.02403846153846154
0 0.3425480769230769 0.4375 0.028846153846153848 0.027644230769230768
0 0.1875 0.47596153846153844 0.01201923076923077 0.028846153846153848
0 0.5108173076923077 0.4951923076923077 0.014423076923076924 0.054086538461538464
0 0.3449519230769231 0.49759615384615385 0.03485576923076923 0.020432692307692308
0 0.09615384615384616 0.5360576923076923 0.021634615384615384 0.019230769230769232
0 0.8161057692307693 0.5528846153846154 0.027644230769230768 0.04447115384615385
0 0.7355769230769231 0.5877403846153846 0.028846153846153848 0.03485576923076923
0 0.6586538461538461 0.6057692307692307 0.01201923076923077 0.051682692307692304
0 0.9098557692307693 0.6262019230769231 0.026442307692307692 0.03245192307692308
0 0.6057692307692307 0.6875 0.028846153846153848 0.025240384615384616
0 0.33653846153846156 0.7043269230769231 0.03245192307692308 0.018028846153846152
0 0.640625 0.7151442307692307 0.021634615384615384 0.04326923076923077
0 0.1310096153846154 0.8209134615384616 0.030048076923076924 0.019230769230769232
0 0.49759615384615385 0.8221153846153846 0.028846153846153848 0.014423076923076924
0 0.8028846153846154 0.8317307692307693 0.009615384615384616 0.04927884615384615
0 0.3293269230769231 0.8365384615384616 0.026442307692307692 0.03365384615384615
0 0.7740384615384616 0.8689903846153846 0.016826923076923076 0.04807692307692308
0 0.015625 0.890625 0.013221153846153846 0.025240384615384616
0 0.3449519230769231 0.9447115384615384 0.01201923076923077 0.020432692307692308
0 0.14783653846153846 0.125 0.021634615384615384 0.06490384615384616
0 0.6538461538461539 0.13942307692307693 0.015625 0.02403846153846154
0 0.7944711538461539 0.1466346153846154 0.02283653846153846 0.06490384615384616
0 0.6069711538461539 0.015625 0.016826923076923076 0.03125
0 0.9591346153846154 0.1935096153846154 0.019230769230769232 0.05048076923076923
0 0.09735576923076923 0.19591346153846154 0.013221153846153846 0.037259615384615384
0 0.4735576923076923 0.21394230769230768 0.037259615384615384 0.027644230769230768
0 0.46274038461538464 0.02283653846153846 0.038461538461538464 0.02403846153846154
0 0.9170673076923077 0.02283653846153846 0.02403846153846154 0.03365384615384615
0 0.3641826923076923 0.25961538461538464 0.028846153846153848 0.030048076923076924
0 0.3317307692307692 0.2668269230769231 0.038461538461538464 0.021634615384615384
0 0.3701923076923077 0.2692307692307692 0.03125 0.02403846153846154
0 0.6694711538461539 0.28125 0.028846153846153848 0.025240384615384616