0 0.609375 0.2776442307692308 0.057692307692307696 0.15625
0 0.7283653846153846 0.4050480769230769 0.057692307692307696 0.0733173076923077
0 0.5625 0.43990384615384615 0.04927884615384615 0.125
0 0.5396634615384616 0.5661057692307693 0.04807692307692308 0.11177884615384616
0 0.49399038461538464 0.6201923076923077 0.040865384615384616 0.09975961538461539
0 0.39903846153846156 0.6694711538461539 0.036057692307692304 0.06490384615384616
0 0.8004807692307693 0.7259615384615384 0.04927884615384615 0.06370192307692307
0 0.5324519230769231 0.7944711538461539 0.04326923076923077 0.06490384615384616
0 0.5901442307692307 0.8810096153846154 0.042067307692307696 0.055288461538461536
0 0.6622596153846154 0.9447115384615384 0.042067307692307696 0.05048076923076923
0 0.6189903846153846 0.12259615384615384 0.054086538461538464 0.14903846153846154