0 0.9242788461538461 0.44350961538461536 0.1502403846153846 0.10096153846153846
0 0.7572115384615384 0.45552884615384615 0.14543269230769232 0.11899038461538461
0 0.3016826923076923 0.4807692307692308 0.15384615384615385 0.15745192307692307
0 0.9314903846153846 0.5072115384615384 0.13221153846153846 0.1346153846153846
0 0.7463942307692307 0.5144230769230769 0.20192307692307693 0.09375
0 0.5228365384615384 0.5168269230769231 0.14903846153846154 0.14783653846153846
0 0.35336538461538464 0.5552884615384616 0.12620192307692307 0.16466346153846154
0 0.3112980769230769 0.6141826923076923 0.109375 0.14903846153846154
0 0.390625 0.6694711538461539 0.11057692307692307 0.14423076923076922
0 0.16466346153846154 0.7932692307692307 0.13581730769230768 0.15504807692307693
0 0.8725961538461539 0.2439903846153846 0.15264423076923078 0.17548076923076922