0 0.03125 0.49399038461538464 0.030048076923076924 0.03485576923076923
0 0.07692307692307693 0.5036057692307693 0.03245192307692308 0.036057692307692304
0 0.1141826923076923 0.515625 0.026442307692307692 0.03365384615384615
0 0.7524038461538461 0.5204326923076923 0.03365384615384615 0.038461538461538464
0 0.15985576923076922 0.5252403846153846 0.03485576923076923 0.040865384615384616
0 0.8088942307692307 0.5348557692307693 0.028846153846153848 0.042067307692307696
0 0.19831730769230768 0.5396634615384616 0.03365384615384615 0.040865384615384616
0 0.671875 0.5432692307692307 0.028846153846153848 0.03365384615384615
0 0.30408653846153844 0.5504807692307693 0.03245192307692308 0.037259615384615384
0 0.24879807692307693 0.5516826923076923 0.03245192307692308 0.04326923076923077
0 0.5649038461538461 0.5576923076923077 0.03125 0.038461538461538464
0 0.34615384615384615 0.5697115384615384 0.03125 0.040865384615384616
0 0.49158653846153844 0.5721153846153846 0.03245192307692308 0.04326923076923077
0 0.41225961538461536 0.5841346153846154 0.03245192307692308 0.04326923076923077
0 0.7487980769230769 0.6141826923076923 0.03365384615384615 0.04567307692307692
0 0.6959134615384616 0.7043269230769231 0.03365384615384615 0.042067307692307696
0 0.6862980769230769 0.7415865384615384 0.03365384615384615 0.037259615384615384