0 0.8341346153846154 0.3112980769230769 0.10576923076923077 0.08413461538461539
0 0.34134615384615385 0.3137019230769231 0.10336538461538461 0.08413461538461539
0 0.7091346153846154 0.3713942307692308 0.10336538461538461 0.0889423076923077
0 0.96875 0.38221153846153844 0.06129807692307692 0.06610576923076923
0 0.4074519230769231 0.5036057692307693 0.06610576923076923 0.08653846153846154
0 0.7932692307692307 0.5997596153846154 0.07451923076923077 0.07091346153846154
0 0.34134615384615385 0.7403846153846154 0.0733173076923077 0.057692307692307696
0 0.10096153846153846 0.7644230769230769 0.056490384615384616 0.07572115384615384
0 0.6322115384615384 0.7800480769230769 0.10576923076923077 0.08173076923076923
0 0.7115384615384616 0.9747596153846154 0.07451923076923077 0.04927884615384615
0 0.9447115384615384 0.0985576923076923 0.1045673076923077 0.08774038461538461
0 0.171875 0.17668269230769232 0.07211538461538461 0.07932692307692307