0 0.49278846153846156 0.3858173076923077 0.042067307692307696 0.016826923076923076
0 0.3762019230769231 0.3918269230769231 0.03125 0.015625
0 0.6706730769230769 0.4050480769230769 0.042067307692307696 0.013221153846153846
0 0.5877403846153846 0.4098557692307692 0.028846153846153848 0.014423076923076924
0 0.5252403846153846 0.41225961538461536 0.038461538461538464 0.015625
0 0.4423076923076923 0.4170673076923077 0.027644230769230768 0.015625
0 0.7475961538461539 0.4182692307692308 0.055288461538461536 0.016826923076923076
0 0.3233173076923077 0.4206730769230769 0.025240384615384616 0.013221153846153846
0 0.39302884615384615 0.4230769230769231 0.038461538461538464 0.015625
0 0.6490384615384616 0.42427884615384615 0.03365384615384615 0.014423076923076924
0 0.59375 0.43149038461538464 0.046875 0.016826923076923076
0 0.49038461538461536 0.4375 0.028846153846153848 0.014423076923076924
0 0.328125 0.44471153846153844 0.04326923076923077 0.016826923076923076
0 0.24158653846153846 0.4495192307692308 0.030048076923076924 0.019230769230769232