0 0.6298076923076923 0.3870192307692308 0.07451923076923077 0.06370192307692307
0 0.5072115384615384 0.40384615384615385 0.07692307692307693 0.07211538461538461
0 0.5492788461538461 0.04326923076923077 0.06971153846153846 0.06971153846153846
0 0.8173076923076923 0.4579326923076923 0.08533653846153846 0.054086538461538464
0 0.2980769230769231 0.46274038461538464 0.06971153846153846 0.06370192307692307
0 0.9050480769230769 0.05048076923076923 0.09375 0.078125
0 0.6225961538461539 0.5865384615384616 0.0829326923076923 0.051682692307692304
0 0.11899038461538461 0.5889423076923077 0.07211538461538461 0.046875
0 0.41466346153846156 0.7211538461538461 0.06971153846153846 0.06610576923076923
0 0.41947115384615385 0.8461538461538461 0.06490384615384616 0.039663461538461536
0 0.34375 0.9375 0.06971153846153846 0.040865384615384616
0 0.12860576923076922 0.23677884615384615 0.07572115384615384 0.052884615384615384
0 0.84375 0.23918269230769232 0.09134615384615384 0.07211538461538461