0 0.6442307692307693 0.328125 0.04927884615384615 0.027644230769230768
0 0.4014423076923077 0.3317307692307692 0.03365384615384615 0.03125
0 0.53125 0.33653846153846156 0.028846153846153848 0.030048076923076924
0 0.359375 0.42427884615384615 0.036057692307692304 0.04326923076923077
0 0.5576923076923077 0.4266826923076923 0.042067307692307696 0.04326923076923077
0 0.4795673076923077 0.4567307692307692 0.03125 0.03485576923076923
0 0.6213942307692307 0.46033653846153844 0.037259615384615384 0.04447115384615385
0 0.3605769230769231 0.06850961538461539 0.028846153846153848 0.026442307692307692
0 0.203125 0.07572115384615384 0.03365384615384615 0.038461538461538464
0 0.6778846153846154 0.26802884615384615 0.03485576923076923 0.021634615384615384
0 0.7175480769230769 0.2800480769230769 0.040865384615384616 0.04447115384615385