0 0.6069711538461539 0.8137019230769231 0.0625 0.02283653846153846
0 0.9050480769230769 0.8305288461538461 0.046875 0.02403846153846154
0 0.10216346153846154 0.8521634615384616 0.06850961538461539 0.025240384615384616
0 0.3870192307692308 0.8762019230769231 0.046875 0.028846153846153848
0 0.41947115384615385 0.9086538461538461 0.057692307692307696 0.03125
0 0.1658653846153846 0.9146634615384616 0.046875 0.03365384615384615
0 0.44711538461538464 0.9326923076923077 0.0625 0.020432692307692308
0 0.5120192307692307 0.9495192307692307 0.057692307692307696 0.037259615384615384
0 0.25240384615384615 0.953125 0.06129807692307692 0.030048076923076924
0 0.20673076923076922 0.9555288461538461 0.05889423076923077 0.018028846153846152
0 0.8329326923076923 0.9699519230769231 0.06370192307692307 0.021634615384615384
0 0.7127403846153846 0.9711538461538461 0.055288461538461536 0.03365384615384615
0 0.8137019230769231 0.9903846153846154 0.06009615384615385 0.018028846153846152
0 0.3918269230769231 0.9927884615384616 0.0625 0.009615384615384616