0 0.8834134615384616 0.33653846153846156 0.078125 0.038461538461538464
0 0.3557692307692308 0.38461538461538464 0.08173076923076923 0.04447115384615385
0 0.5264423076923077 0.39302884615384615 0.056490384615384616 0.040865384615384616
0 0.0889423076923077 0.44350961538461536 0.06971153846153846 0.04567307692307692
0 0.27403846153846156 0.44711538461538464 0.06490384615384616 0.04927884615384615
0 0.3858173076923077 0.4483173076923077 0.0625 0.04326923076923077
0 0.07211538461538461 0.46274038461538464 0.08653846153846154 0.04326923076923077
0 0.4423076923076923 0.5036057692307693 0.06370192307692307 0.04567307692307692
0 0.84375 0.515625 0.07091346153846154 0.037259615384615384
0 0.7475961538461539 0.5252403846153846 0.06129807692307692 0.056490384615384616
0 0.5997596153846154 0.5396634615384616 0.0625 0.04807692307692308
0 0.08774038461538461 0.5625 0.06490384615384616 0.052884615384615384
0 0.9110576923076923 0.6117788461538461 0.055288461538461536 0.04807692307692308
0 0.24278846153846154 0.6153846153846154 0.06971153846153846 0.04927884615384615
0 0.44471153846153844 0.640625 0.06610576923076923 0.04326923076923077
0 0.5360576923076923 0.6526442307692307 0.052884615384615384 0.037259615384615384
0 0.921875 0.7079326923076923 0.0673076923076923 0.036057692307692304
0 0.8990384615384616 0.8016826923076923 0.055288461538461536 0.04447115384615385