0 0.027644230769230768 0.26802884615384615 0.055288461538461536 0.04326923076923077
0 0.8870192307692307 0.4326923076923077 0.08413461538461539 0.038461538461538464
0 0.8016826923076923 0.4338942307692308 0.078125 0.04807692307692308
0 0.2764423076923077 0.4495192307692308 0.08413461538461539 0.04807692307692308
0 0.5588942307692307 0.4987980769230769 0.0673076923076923 0.052884615384615384
0 0.7475961538461539 0.5072115384615384 0.06971153846153846 0.046875
0 0.3629807692307692 0.5132211538461539 0.05889423076923077 0.039663461538461536
0 0.09375 0.5204326923076923 0.0625 0.03245192307692308
0 0.5144230769230769 0.6021634615384616 0.06850961538461539 0.04326923076923077
0 0.3389423076923077 0.6189903846153846 0.07091346153846154 0.054086538461538464
0 0.2704326923076923 0.7175480769230769 0.05048076923076923 0.03365384615384615
0 0.21995192307692307 0.8882211538461539 0.0673076923076923 0.057692307692307696
0 0.9795673076923077 0.20192307692307693 0.036057692307692304 0.04326923076923077
0 0.4110576923076923 0.22596153846153846 0.06009615384615385 0.04807692307692308
0 0.8822115384615384 0.2283653846153846 0.06009615384615385 0.054086538461538464