0 0.296875 0.5901442307692307 0.03485576923076923 0.02283653846153846
0 0.39783653846153844 0.5997596153846154 0.03245192307692308 0.020432692307692308
0 0.5024038461538461 0.6057692307692307 0.03365384615384615 0.021634615384615384
0 0.4254807692307692 0.6069711538461539 0.03485576923076923 0.021634615384615384
0 0.5504807692307693 0.6262019230769231 0.03125 0.010817307692307692
0 0.6911057692307693 0.6262019230769231 0.030048076923076924 0.009615384615384616
0 0.296875 0.6370192307692307 0.030048076923076924 0.013221153846153846
0 0.6237980769230769 0.6382211538461539 0.027644230769230768 0.014423076923076924
0 0.7319711538461539 0.640625 0.03365384615384615 0.016826923076923076
0 0.5324519230769231 0.6418269230769231 0.03365384615384615 0.010817307692307692
0 0.7079326923076923 0.6514423076923077 0.030048076923076924 0.020432692307692308
0 0.6129807692307693 0.6550480769230769 0.028846153846153848 0.015625
0 0.8100961538461539 0.65625 0.03365384615384615 0.013221153846153846
0 0.8293269230769231 0.6670673076923077 0.038461538461538464 0.016826923076923076
0 0.8882211538461539 0.6670673076923077 0.039663461538461536 0.019230769230769232
0 0.31490384615384615 0.6790865384615384 0.026442307692307692 0.021634615384615384
0 0.5588942307692307 0.6838942307692307 0.026442307692307692 0.009615384615384616
0 0.47475961538461536 0.6899038461538461 0.02403846153846154 0.018028846153846152
0 0.3605769230769231 0.6971153846153846 0.02403846153846154 0.014423076923076924