0 0.359375 0.24879807692307693 0.06850961538461539 0.027644230769230768
0 0.6947115384615384 0.3317307692307692 0.09615384615384616 0.02283653846153846
0 0.15625 0.34975961538461536 0.06610576923076923 0.037259615384615384
0 0.28846153846153844 0.38100961538461536 0.051682692307692304 0.02403846153846154
0 0.07572115384615384 0.4807692307692308 0.1346153846153846 0.03125
0 0.953125 0.5240384615384616 0.04567307692307692 0.03365384615384615
0 0.5673076923076923 0.7271634615384616 0.051682692307692304 0.052884615384615384
0 0.8737980769230769 0.7391826923076923 0.055288461538461536 0.019230769230769232
0 0.10216346153846154 0.7716346153846154 0.0673076923076923 0.040865384615384616
0 0.5420673076923077 0.7728365384615384 0.054086538461538464 0.025240384615384616
0 0.36899038461538464 0.8425480769230769 0.02283653846153846 0.020432692307692308
0 0.4987980769230769 0.8485576923076923 0.03365384615384615 0.016826923076923076
0 0.3389423076923077 0.8557692307692307 0.027644230769230768 0.013221153846153846
0 0.4423076923076923 0.8990384615384616 0.014423076923076924 0.010817307692307692
0 0.8737980769230769 0.9543269230769231 0.04447115384615385 0.025240384615384616